MAIN
92
85
411
336
474
85
1179
336
92
369
797
620
860
369
1179
480
860
509
1179
620


SELECT
92
85
610
620
661
85
1179
246
661
272
1179
433
661
459
1179
620

GAME
521
117
802
194
521
213
802
290
521
309
802
386
521
402
802
479


LISTING
92
85
755
153
92
174
298
308
320
174
526
308
549
174
755
308
92
329
298
463
320
329
526
463
550
330
755
463
92
486
298
620
320
486
526
620
549
486
755
620
798
85
1179
620


PLAYER
301
636
349
682
391
636
453
682
515
636
562
680
620
636
650
682
712
636
751
682
813
636
875
682
925
636
973
682


PURCHASE
380
558
545
602


DETAILS
98
120
405
143
421
120
728
143
98
183
597
206
98
249
597
272
98
313
405
336
421
313
728
336
98
380
405
403
421
380
595
403
98
494
405
517
98
557
187
580
212
557
301
580
420
523
434
537
537
523
551
537
654
523
668
537
990
561
1155
604

KYBD
141
286
195
340
102
356
156
410
141
427
195
481
169
500
223
554
297
574
879
628


kybd input 145,197 - 1063,237
screenshot size - 703,88 - 1078,617 = 376x530
icon size - 987,481 - 1176,617 = 190x137
v2 - 889,481 - 1078,617 = 190x137